#Types Before Cut: 27840
#Types After Cut: 2592
#Search Hits: 0
1	25	33.914	грилло
2	18	24.418	шнайдер
3	14	18.992	бертолуччи
4	13	17.635	брандо
5	8	10.853	аллена
6	8	10.853	визы
7	8	10.853	посольство
8	7	9.496	беппе
9	7	9.496	кэрол
10	7	9.496	париже
11	7	9.496	съемок
12	10	8.280	острова
13	10	8.280	режиссер
14	6	8.139	гаити
15	6	8.139	ребенок
16	6	8.139	спектакль
17	6	8.139	танго
18	5	6.783	актрисы
19	5	6.783	доминикане
20	5	6.783	звезд
21	5	6.783	имбиря
22	5	6.783	поддельные
23	5	6.783	сцены
24	5	6.783	таино
25	5	6.783	филлис
26	5	6.783	эспаньолы
27	10	5.585	парк
28	4	5.426	pen
29	4	5.426	актриса
30	4	5.426	антильские
31	4	5.426	богомолов
32	4	5.426	богомолова
33	4	5.426	вест
34	4	5.426	вуди
35	4	5.426	доминикана
36	4	5.426	задницу
37	4	5.426	карибы
38	4	5.426	колония
39	4	5.426	марлоном
40	4	5.426	музей
41	4	5.426	настоящие
42	4	5.426	необычные
43	4	5.426	пьесы
44	4	5.426	сентрал
45	4	5.426	трампа
46	4	5.426	фильма
47	4	5.426	эспаньола
48	3	4.070	day
49	3	4.070	актеры
50	3	4.070	америке
51	3	4.070	америки
52	3	4.070	бурковский
53	3	4.070	венесуэлы
54	3	4.070	верник
55	3	4.070	викторной
56	3	4.070	войн
57	3	4.070	героически
58	3	4.070	доминго
59	3	4.070	зудина
60	3	4.070	имбирь
61	3	4.070	итальянских
62	3	4.070	лучшей
63	3	4.070	медуза
64	3	4.070	муж
65	3	4.070	мужчин
66	3	4.070	новодережкин
67	3	4.070	оранжерее
68	3	4.070	перевалов
69	3	4.070	пикачу
70	3	4.070	пьесе
71	3	4.070	режиссера
72	3	4.070	роботов
73	3	4.070	санто
74	3	4.070	спа
75	3	4.070	спаттракционов
76	3	4.070	существо
77	3	4.070	съемках
78	3	4.070	сэма
79	3	4.070	театральный
80	3	4.070	трамп
81	3	4.070	трухильо
82	3	4.070	фильме
83	6	3.814	v
84	6	3.814	фото
85	5	2.793	историю
86	5	2.793	мария
87	5	2.793	преступники
88	2	2.713	apple
89	2	2.713	bertolucci
90	2	2.713	department
91	2	2.713	dominoʼs
92	2	2.713	oxford
93	2	2.713	pineapple
94	2	2.713	state
95	2	2.713	time
96	2	2.713	u
97	2	2.713	авторитаризма
98	2	2.713	авторским
99	2	2.713	актеров
100	2	2.713	актрису
101	2	2.713	араваков
102	2	2.713	африки
103	2	2.713	банановые
104	2	2.713	бассейне
105	2	2.713	безупречной
106	2	2.713	бернардо
107	2	2.713	благополучных
108	2	2.713	бланки
109	2	2.713	буква
110	2	2.713	вдохновляющий
111	2	2.713	враждовали
112	2	2.713	выдавали
113	2	2.713	выдавало
114	2	2.713	выходцами
115	2	2.713	вышла
116	2	2.713	героем
117	2	2.713	джузеппе
118	2	2.713	диктатора
119	2	2.713	доколумбовой
120	2	2.713	доминиканы
121	2	2.713	дыра
122	2	2.713	женщин
123	2	2.713	завоевавшая
124	2	2.713	закрепиться
125	2	2.713	заселили
126	2	2.713	зудиной
127	2	2.713	изнасилования
128	2	2.713	изредка
129	2	2.713	индейцами
130	2	2.713	интеллектом
131	2	2.713	интонации
132	2	2.713	испанская
133	2	2.713	испанцев
134	2	2.713	итальянский
135	2	2.713	карибского
136	2	2.713	картине
137	2	2.713	кафе
138	2	2.713	кимоно
139	2	2.713	киноиндустрии
140	2	2.713	комика
141	2	2.713	координат
142	2	2.713	корневища
143	2	2.713	кофе
144	2	2.713	кракси
145	2	2.713	ла
146	2	2.713	лапши
147	2	2.713	латинской
148	2	2.713	лед
149	2	2.713	масло
150	2	2.713	маслом
151	2	2.713	метров
152	2	2.713	мхт
153	2	2.713	набеги
154	2	2.713	народности
155	2	2.713	населен
156	2	2.713	наследие
157	2	2.713	нищеты
158	2	2.713	одиозного
159	2	2.713	оккупацию
160	2	2.713	оленях
161	2	2.713	орла
162	2	2.713	орле
163	2	2.713	паспортов
164	2	2.713	переселенцев
165	2	2.713	песни
166	2	2.713	платье
167	2	2.713	плюшевых
168	2	2.713	побережье
169	2	2.713	подавляющим
170	2	2.713	полицейские
171	2	2.713	поначалу
172	2	2.713	посетителей
173	2	2.713	предки
174	2	2.713	преодолев
175	2	2.713	прибытия
176	2	2.713	придумал
177	2	2.713	продлившуюся
178	2	2.713	рабов
179	2	2.713	растения
180	2	2.713	регулярные
181	2	2.713	рейха
182	2	2.713	ролей
183	2	2.713	сайя
184	2	2.713	света
185	2	2.713	северном
186	2	2.713	секс
187	2	2.713	сиба
188	2	2.713	символ
189	2	2.713	синематеке
190	2	2.713	скамейку
191	2	2.713	смерти
192	2	2.713	совершали
193	2	2.713	соцсетей
194	2	2.713	спектакле
195	2	2.713	ставшего
196	2	2.713	сценической
197	2	2.713	сцену
198	2	2.713	сэм
199	2	2.713	театра
200	2	2.713	театром
201	2	2.713	телевидении
202	2	2.713	типичный
203	2	2.713	тысячелетия
204	2	2.713	увидеть
205	2	2.713	умели
206	2	2.713	фацио
207	2	2.713	флориду
208	2	2.713	французскую
209	2	2.713	хлынула
210	2	2.713	ходу
211	2	2.713	центральноамериканской
212	2	2.713	чернин
213	2	2.713	чувствовала
214	2	2.713	шерсти
215	2	2.713	эры
216	2	2.713	эспаньоле
217	2	2.713	эспаньолу
218	2	2.713	японцев
219	2	2.713	японцы
220	6	1.975	обнаружили
221	4	1.839	гане
222	4	1.839	марии
223	4	1.839	появлялся
224	4	1.839	япония
225	16	1.782	японии
226	1	1.357	admits
227	1	1.357	alycia
228	1	1.357	buzzfeed
229	1	1.357	by
230	1	1.357	cgi
231	1	1.357	consensual
232	1	1.357	el
233	1	1.357	freedom
234	1	1.357	go
235	1	1.357	goes
236	1	1.357	gps
237	1	1.357	guardian
238	1	1.357	house
239	1	1.357	ikea
240	1	1.357	independent
241	1	1.357	la
242	1	1.357	machine
243	1	1.357	magic
244	1	1.357	maria
245	1	1.357	movimiento
246	1	1.357	mundo
247	1	1.357	non
248	1	1.357	ny
249	1	1.357	pokemon
250	1	1.357	rambler
251	1	1.357	rape
252	1	1.357	repubblica
253	1	1.357	scene
254	1	1.357	schneider
255	1	1.357	service
256	1	1.357	sex
257	1	1.357	sobre
258	1	1.357	space
259	1	1.357	spectator
260	1	1.357	stelle
261	1	1.357	toyota
262	1	1.357	vaffanculo
263	1	1.357	was
264	1	1.357	xiv
265	1	1.357	yorker
266	1	1.357	абсурдом
267	1	1.357	ава
268	1	1.357	австралия
269	1	1.357	агенту
270	1	1.357	агитировало
271	1	1.357	адвокату
272	1	1.357	акита
273	1	1.357	аккаунты
274	1	1.357	аккра
275	1	1.357	аккре
276	1	1.357	аккры
277	1	1.357	актер
278	1	1.357	актером
279	1	1.357	актрис
280	1	1.357	актрисой
281	1	1.357	александрой
282	1	1.357	аленом
283	1	1.357	аллен
284	1	1.357	алленовские
285	1	1.357	аллену
286	1	1.357	амазонские
287	1	1.357	американцах
288	1	1.357	ананас
289	1	1.357	английски
290	1	1.357	анимации
291	1	1.357	антикоммунистом
292	1	1.357	античного
293	1	1.357	антонио
294	1	1.357	антуриумы
295	1	1.357	аптекарский
296	1	1.357	армстронга
297	1	1.357	арнольдом
298	1	1.357	ароматная
299	1	1.357	архипова
300	1	1.357	аттракционов
301	1	1.357	афишах
302	1	1.357	африку
303	1	1.357	бабушек
304	1	1.357	бабушки
305	1	1.357	бадминтона
306	1	1.357	бакунов
307	1	1.357	бананы
308	1	1.357	банкирами
309	1	1.357	бартоломео
310	1	1.357	бегах
311	1	1.357	бедных
312	1	1.357	безопасное
313	1	1.357	безумная
314	1	1.357	безумного
315	1	1.357	безумной
316	1	1.357	безучастно
317	1	1.357	бенито
318	1	1.357	беппу
319	1	1.357	берегам
320	1	1.357	берегов
321	1	1.357	беспощадного
322	1	1.357	бетанкура
323	1	1.357	беттино
324	1	1.357	бибера
325	1	1.357	биографии
326	1	1.357	благополучные
327	1	1.357	блестящем
328	1	1.357	блестящий
329	1	1.357	блог
330	1	1.357	блогером
331	1	1.357	блогосферы
332	1	1.357	бога
333	1	1.357	богатой
334	1	1.357	большущим
335	1	1.357	ботаническом
336	1	1.357	братом
337	1	1.357	брауновской
338	1	1.357	бродвеем
339	1	1.357	бродвейской
340	1	1.357	брокколи
341	1	1.357	бросает
342	1	1.357	бруно
343	1	1.357	брутала
344	1	1.357	брюссельские
345	1	1.357	буканьеров
346	1	1.357	бурковского
347	1	1.357	бутылка
348	1	1.357	бюрократы
349	1	1.357	варшаве
350	1	1.357	варьете
351	1	1.357	вглядывается
352	1	1.357	вдовой
353	1	1.357	ведьмин
354	1	1.357	велосипеде
355	1	1.357	вернулось
356	1	1.357	вероятная
357	1	1.357	верховенство
358	1	1.357	взрослых
359	1	1.357	виз
360	1	1.357	вино
361	1	1.357	вином
362	1	1.357	вирусная
363	1	1.357	вирусной
364	1	1.357	включил
365	1	1.357	вкус
366	1	1.357	влюбились
367	1	1.357	влюблялась
368	1	1.357	вморозили
369	1	1.357	вождями
370	1	1.357	войдя
371	1	1.357	восполняемую
372	1	1.357	воспринимала
373	1	1.357	восстание
374	1	1.357	восстановив
375	1	1.357	впечатлениях
376	1	1.357	врагами
377	1	1.357	вразвалку
378	1	1.357	всеобщих
379	1	1.357	всплывает
380	1	1.357	вспоминала
381	1	1.357	встретить
382	1	1.357	входило
383	1	1.357	вываливает
384	1	1.357	вывешивали
385	1	1.357	вызванные
386	1	1.357	выложили
387	1	1.357	выпада
388	1	1.357	выпечку
389	1	1.357	выпускной
390	1	1.357	выраженных
391	1	1.357	выращивание
392	1	1.357	выращивать
393	1	1.357	выращивают
394	1	1.357	высказываний
395	1	1.357	выяснения
396	1	1.357	гадость
397	1	1.357	гаитян
398	1	1.357	гаитянских
399	1	1.357	галеоны
400	1	1.357	гаммы
401	1	1.357	ганские
402	1	1.357	ганы
403	1	1.357	гениталии
404	1	1.357	геосервисов
405	1	1.357	гербе
406	1	1.357	героев
407	1	1.357	героиня
408	1	1.357	герою
409	1	1.357	гигантское
410	1	1.357	гигантской
411	1	1.357	гиперрежиссерским
412	1	1.357	глазами
413	1	1.357	глубиной
414	1	1.357	говард
415	1	1.357	годунова
416	1	1.357	голландском
417	1	1.357	голливуд
418	1	1.357	голливуда
419	1	1.357	голову
420	1	1.357	голод
421	1	1.357	гонорарах
422	1	1.357	гонорары
423	1	1.357	горах
424	1	1.357	городке
425	1	1.357	городом
426	1	1.357	горожанам
427	1	1.357	горошек
428	1	1.357	горшочек
429	1	1.357	горячими
430	1	1.357	госдепа
431	1	1.357	госдепартамент
432	1	1.357	гостиная
433	1	1.357	гостиницу
434	1	1.357	гостиной
435	1	1.357	готовностью
436	1	1.357	грабивших
437	1	1.357	грань
438	1	1.357	грибов
439	1	1.357	грустную
440	1	1.357	гуаву
441	1	1.357	гуляют
442	1	1.357	густой
443	1	1.357	гуся
444	1	1.357	давящее
445	1	1.357	двадцатилетней
446	1	1.357	двухэтажным
447	1	1.357	девочковые
448	1	1.357	девушке
449	1	1.357	девушки
450	1	1.357	декабрю
451	1	1.357	делоном
452	1	1.357	департаменте
453	1	1.357	депрессии
454	1	1.357	депрессия
455	1	1.357	десятиминутная
456	1	1.357	детьми
457	1	1.357	джазовая
458	1	1.357	джастина
459	1	1.357	джеймс
460	1	1.357	дженифер
461	1	1.357	джессика
462	1	1.357	джина
463	1	1.357	джонсон
464	1	1.357	джульет
465	1	1.357	диванов
466	1	1.357	диваны
467	1	1.357	диониса
468	1	1.357	дискурс
469	1	1.357	дистанция
470	1	1.357	длинными
471	1	1.357	добавился
472	1	1.357	доминиканское
473	1	1.357	доминиканской
474	1	1.357	дональд
475	1	1.357	доныне
476	1	1.357	дороге
477	1	1.357	драматург
478	1	1.357	драматургом
479	1	1.357	дубля
480	1	1.357	дутой
481	1	1.357	дюверней
482	1	1.357	еврозоны
483	1	1.357	европейски
484	1	1.357	европейцы
485	1	1.357	евроскептика
486	1	1.357	евроскептицизм
487	1	1.357	еда
488	1	1.357	еженедельно
489	1	1.357	ежиками
490	1	1.357	еле
491	1	1.357	жалела
492	1	1.357	жалость
493	1	1.357	желтое
494	1	1.357	желчью
495	1	1.357	жеманной
496	1	1.357	женское
497	1	1.357	жену
498	1	1.357	женщина
499	1	1.357	женщиной
500	1	1.357	женщину
501	1	1.357	жестокие
502	1	1.357	животным
503	1	1.357	живущими
504	1	1.357	жилетке
505	1	1.357	жуковский
506	1	1.357	заботу
507	1	1.357	заведовали
508	1	1.357	завел
509	1	1.357	зависело
510	1	1.357	заводят
511	1	1.357	заделали
512	1	1.357	задержаны
513	1	1.357	задуманный
514	1	1.357	закрепилась
515	1	1.357	закрепился
516	1	1.357	заложенный
517	1	1.357	залу
518	1	1.357	замешан
519	1	1.357	замолчала
520	1	1.357	замыслу
521	1	1.357	запомнились
522	1	1.357	запустил
523	1	1.357	зарплатам
524	1	1.357	заслуга
525	1	1.357	застрелиться
526	1	1.357	зачитывал
527	1	1.357	звездой
528	1	1.357	звезды
529	1	1.357	зверьку
530	1	1.357	зеленого
531	1	1.357	зенит
532	1	1.357	злилась
533	1	1.357	злило
534	1	1.357	злоупотреблениях
535	1	1.357	злющую
536	1	1.357	змеиные
537	1	1.357	зоозащитникам
538	1	1.357	зрелище
539	1	1.357	зритель
540	1	1.357	зрительскими
541	1	1.357	игра
542	1	1.357	игровое
543	1	1.357	игрушек
544	1	1.357	игрушечный
545	1	1.357	идеальном
546	1	1.357	идеальный
547	1	1.357	иен
548	1	1.357	избранницу
549	1	1.357	известными
550	1	1.357	извиняться
551	1	1.357	изготавливают
552	1	1.357	издерганного
553	1	1.357	изменницу
554	1	1.357	изнасилованием
555	1	1.357	изнасилованной
556	1	1.357	изображен
557	1	1.357	иллюстрацией
558	1	1.357	иллюстрировалось
559	1	1.357	иммиграцией
560	1	1.357	иммунитета
561	1	1.357	инаугурации
562	1	1.357	ингредиент
563	1	1.357	инородное
564	1	1.357	инстаграме
565	1	1.357	интервенция
566	1	1.357	интересуется
567	1	1.357	интимных
568	1	1.357	интриги
569	1	1.357	ироническое
570	1	1.357	ироничному
571	1	1.357	ирония
572	1	1.357	исабелу
573	1	1.357	искупаться
574	1	1.357	испанию
575	1	1.357	испания
576	1	1.357	испанские
577	1	1.357	испанскую
578	1	1.357	испанцами
579	1	1.357	испытала
580	1	1.357	испытали
581	1	1.357	истериками
582	1	1.357	истреблены
583	1	1.357	исходную
584	1	1.357	итальянски
585	1	1.357	итальянское
586	1	1.357	итальянском
587	1	1.357	итальянскому
588	1	1.357	итальянцев
589	1	1.357	итальянцы
590	1	1.357	кадрами
591	1	1.357	какао
592	1	1.357	камерный
593	1	1.357	канагава
594	1	1.357	канарских
595	1	1.357	капусты
596	1	1.357	каравелла
597	1	1.357	карамазовы
598	1	1.357	карамазовых
599	1	1.357	карибах
600	1	1.357	карибском
601	1	1.357	картинах
602	1	1.357	картиной
603	1	1.357	картофельные
604	1	1.357	карьера
605	1	1.357	карьеры
606	1	1.357	касабланка
607	1	1.357	касиками
608	1	1.357	каток
609	1	1.357	квадрат
610	1	1.357	кивая
611	1	1.357	кинематографа
612	1	1.357	классике
613	1	1.357	классикой
614	1	1.357	классическая
615	1	1.357	клиентского
616	1	1.357	клоуном
617	1	1.357	князь
618	1	1.357	кожаные
619	1	1.357	козырем
620	1	1.357	коллекция
621	1	1.357	колониализма
622	1	1.357	колониальной
623	1	1.357	колонией
624	1	1.357	колонизации
625	1	1.357	колониями
626	1	1.357	колонка
627	1	1.357	колумб
628	1	1.357	колумба
629	1	1.357	колумбом
630	1	1.357	комедии
631	1	1.357	комедий
632	1	1.357	комик
633	1	1.357	комику
634	1	1.357	комического
635	1	1.357	комод
636	1	1.357	комоде
637	1	1.357	композиция
638	1	1.357	компьютерная
639	1	1.357	консервативной
640	1	1.357	консервативную
641	1	1.357	конституционной
642	1	1.357	коренных
643	1	1.357	корня
644	1	1.357	королева
645	1	1.357	короткому
646	1	1.357	корпораций
647	1	1.357	коррумпированных
648	1	1.357	косметике
649	1	1.357	котами
650	1	1.357	котов
651	1	1.357	кофемашина
652	1	1.357	кошкам
653	1	1.357	крабов
654	1	1.357	краешек
655	1	1.357	красивый
656	1	1.357	краснокочанной
657	1	1.357	красным
658	1	1.357	красота
659	1	1.357	красоту
660	1	1.357	крепится
661	1	1.357	крис
662	1	1.357	критиковать
663	1	1.357	кровати
664	1	1.357	кроивший
665	1	1.357	кувшинками
666	1	1.357	кувшинок
667	1	1.357	курортов
668	1	1.357	кусочек
669	1	1.357	кухне
670	1	1.357	кучу
671	1	1.357	лавочек
672	1	1.357	лавочке
673	1	1.357	лаковом
674	1	1.357	ларьке
675	1	1.357	левые
676	1	1.357	легкое
677	1	1.357	легли
678	1	1.357	лекарственный
679	1	1.357	ленина
680	1	1.357	ленкома
681	1	1.357	леопардового
682	1	1.357	летнюю
683	1	1.357	ликер
684	1	1.357	линдон
685	1	1.357	лихорадки
686	1	1.357	лишает
687	1	1.357	лишенное
688	1	1.357	логотипе
689	1	1.357	лозунги
690	1	1.357	лоуренс
691	1	1.357	лубрикант
692	1	1.357	луи
693	1	1.357	льдом
694	1	1.357	любви
695	1	1.357	любимцами
696	1	1.357	любят
697	1	1.357	людовику
698	1	1.357	ля
699	1	1.357	мадрида
700	1	1.357	маленьком
701	1	1.357	манере
702	1	1.357	манипулировал
703	1	1.357	марией
704	1	1.357	марине
705	1	1.357	маринуют
706	1	1.357	марины
707	1	1.357	марлон
708	1	1.357	марлону
709	1	1.357	марса
710	1	1.357	массой
711	1	1.357	масштабов
712	1	1.357	мелодраму
713	1	1.357	мель
714	1	1.357	мелькает
715	1	1.357	мерил
716	1	1.357	мертвых
717	1	1.357	мигрантов
718	1	1.357	милотой
719	1	1.357	милыми
720	1	1.357	мировую
721	1	1.357	моллюсков
722	1	1.357	молодые
723	1	1.357	молодящейся
724	1	1.357	молотый
725	1	1.357	монологи
726	1	1.357	монотонно
727	1	1.357	монтирующееся
728	1	1.357	москвичи
729	1	1.357	мосленте
730	1	1.357	моссовета
731	1	1.357	мотивам
732	1	1.357	муже
733	1	1.357	мужчиной
734	1	1.357	музеев
735	1	1.357	музыкальных
736	1	1.357	мультсериала
737	1	1.357	муссолини
738	1	1.357	мушкетерах
739	1	1.357	мясистые
740	1	1.357	наберет
741	1	1.357	набрало
742	1	1.357	навидад
743	1	1.357	надоесть
744	1	1.357	надсмотрщики
745	1	1.357	назвалась
746	1	1.357	названиям
747	1	1.357	найдя
748	1	1.357	накалом
749	1	1.357	наладил
750	1	1.357	налогооблагаемую
751	1	1.357	намеченным
752	1	1.357	наполненном
753	1	1.357	напоминающем
754	1	1.357	наркотики
755	1	1.357	настоящей
756	1	1.357	насыщенной
757	1	1.357	находит
758	1	1.357	наций
759	1	1.357	нацистскую
760	1	1.357	начавшего
761	1	1.357	нашумевших
762	1	1.357	невероятной
763	1	1.357	невесту
764	1	1.357	невиданных
765	1	1.357	невольники
766	1	1.357	неврастениками
767	1	1.357	недобрую
768	1	1.357	независимыми
769	1	1.357	неизящной
770	1	1.357	нейтральность
771	1	1.357	нелегальной
772	1	1.357	нелепость
773	1	1.357	нелицеприятностью
774	1	1.357	неменяющейся
775	1	1.357	немножко
776	1	1.357	ненавидела
777	1	1.357	ненастоящее
778	1	1.357	необычной
779	1	1.357	неожиданность
780	1	1.357	неочевидных
781	1	1.357	непонятное
782	1	1.357	непонятные
783	1	1.357	непростителен
784	1	1.357	нервные
785	1	1.357	несложен
786	1	1.357	неспешно
787	1	1.357	несправедливость
788	1	1.357	несущее
789	1	1.357	неудачная
790	1	1.357	неудачник
791	1	1.357	неудачников
792	1	1.357	нещадно
793	1	1.357	нидерландов
794	1	1.357	новогодним
795	1	1.357	новостных
796	1	1.357	ножниц
797	1	1.357	номинации
798	1	1.357	ноткой
799	1	1.357	обаятелен
800	1	1.357	обаятельных
801	1	1.357	обвиненных
802	1	1.357	обещанием
803	1	1.357	обитатели
804	1	1.357	обладатель
805	1	1.357	обличителя
806	1	1.357	обломки
807	1	1.357	обманным
808	1	1.357	обнаженной
809	1	1.357	обнаженных
810	1	1.357	обнаруженные
811	1	1.357	обнаружено
812	1	1.357	обоими
813	1	1.357	образовалась
814	1	1.357	обратить
815	1	1.357	обремененному
816	1	1.357	обучаться
817	1	1.357	общался
818	1	1.357	общественные
819	1	1.357	объявило
820	1	1.357	обыкновенное
821	1	1.357	обысках
822	1	1.357	обыскивали
823	1	1.357	ованда
824	1	1.357	огород
825	1	1.357	одета
826	1	1.357	одноактовку
827	1	1.357	ожидаемым
828	1	1.357	озабоченного
829	1	1.357	оказывающиеся
830	1	1.357	оккупация
831	1	1.357	оккупирована
832	1	1.357	окрашивается
833	1	1.357	окруженный
834	1	1.357	олени
835	1	1.357	омерзительно
836	1	1.357	омлет
837	1	1.357	опасного
838	1	1.357	опережает
839	1	1.357	описаниям
840	1	1.357	опросе
841	1	1.357	опустила
842	1	1.357	опьянение
843	1	1.357	оранжево
844	1	1.357	организовал
845	1	1.357	организованных
846	1	1.357	оскар
847	1	1.357	оскара
848	1	1.357	оскорбленную
849	1	1.357	основанный
850	1	1.357	особенного
851	1	1.357	особенной
852	1	1.357	оспы
853	1	1.357	оставалась
854	1	1.357	остроумными
855	1	1.357	острохарактерном
856	1	1.357	отваривают
857	1	1.357	отвозили
858	1	1.357	отвращение
859	1	1.357	отдала
860	1	1.357	отзывалась
861	1	1.357	отзывов
862	1	1.357	отколовшийся
863	1	1.357	откровенного
864	1	1.357	отличить
865	1	1.357	отобрала
866	1	1.357	отправиться
867	1	1.357	отпугивающими
868	1	1.357	отражалась
869	1	1.357	отсев
870	1	1.357	отставляет
871	1	1.357	отсылает
872	1	1.357	отсылала
873	1	1.357	отца
874	1	1.357	отчаянной
875	1	1.357	отчего
876	1	1.357	охватила
877	1	1.357	очевидного
878	1	1.357	очерк
879	1	1.357	пальчиком
880	1	1.357	папайю
881	1	1.357	парадоксальным
882	1	1.357	парады
883	1	1.357	паразитов
884	1	1.357	париж
885	1	1.357	парки
886	1	1.357	парфюмерии
887	1	1.357	паспорта
888	1	1.357	паузами
889	1	1.357	певец
890	1	1.357	педро
891	1	1.357	пеньюар
892	1	1.357	перебили
893	1	1.357	переворота
894	1	1.357	переворотов
895	1	1.357	передвигаться
896	1	1.357	перекусил
897	1	1.357	переориентировалась
898	1	1.357	переоценен
899	1	1.357	переписывавший
900	1	1.357	перерасти
901	1	1.357	переросло
902	1	1.357	переутомление
903	1	1.357	периметру
904	1	1.357	персонажам
905	1	1.357	персонажами
906	1	1.357	персонажи
907	1	1.357	песня
908	1	1.357	пиво
909	1	1.357	пико
910	1	1.357	пинг
911	1	1.357	пиратство
912	1	1.357	писатель
913	1	1.357	пиццерий
914	1	1.357	пиццу
915	1	1.357	пиццы
916	1	1.357	плакала
917	1	1.357	плантатор
918	1	1.357	плаще
919	1	1.357	племен
920	1	1.357	побережья
921	1	1.357	поверку
922	1	1.357	повлияла
923	1	1.357	подальше
924	1	1.357	подарила
925	1	1.357	подбирая
926	1	1.357	подборки
927	1	1.357	подвергая
928	1	1.357	подземка
929	1	1.357	подкрашенными
930	1	1.357	подлокотники
931	1	1.357	подменяя
932	1	1.357	подозрительно
933	1	1.357	подоходного
934	1	1.357	подписчиков
935	1	1.357	подрабатывает
936	1	1.357	подруге
937	1	1.357	подруги
938	1	1.357	подружились
939	1	1.357	подружки
940	1	1.357	поехать
941	1	1.357	позвонив
942	1	1.357	позиционирования
943	1	1.357	пойдешь
944	1	1.357	показывается
945	1	1.357	покушении
946	1	1.357	покушения
947	1	1.357	поладили
948	1	1.357	полвека
949	1	1.357	полицейским
950	1	1.357	полноценный
951	1	1.357	полосу
952	1	1.357	полу
953	1	1.357	получаться
954	1	1.357	получившее
955	1	1.357	пользовался
956	1	1.357	пользователя
957	1	1.357	помех
958	1	1.357	понге
959	1	1.357	понимаешь
960	1	1.357	понимала
961	1	1.357	понравится
962	1	1.357	понуро
963	1	1.357	поощрявшего
964	1	1.357	популиста
965	1	1.357	популисты
966	1	1.357	популярнейшим
967	1	1.357	популярнейших
968	1	1.357	попутно
969	1	1.357	породы
970	1	1.357	пороков
971	1	1.357	порядки
972	1	1.357	посвятил
973	1	1.357	поселение
974	1	1.357	поселенцы
975	1	1.357	поселиться
976	1	1.357	посетитель
977	1	1.357	послушать
978	1	1.357	посмотрели
979	1	1.357	посольством
980	1	1.357	посредством
981	1	1.357	поставило
982	1	1.357	постановка
983	1	1.357	постановки
984	1	1.357	постановкой
985	1	1.357	постановок
986	1	1.357	постановщиками
987	1	1.357	постмодернистской
988	1	1.357	поступил
989	1	1.357	поступок
990	1	1.357	походкой
991	1	1.357	похожих
992	1	1.357	початая
993	1	1.357	почуяв
994	1	1.357	праздникам
995	1	1.357	практичное
996	1	1.357	превосходства
997	1	1.357	превращается
998	1	1.357	предоставленный
999	1	1.357	предоставлял
1000	1	1.357	предотвратил
1001	1	1.357	предприимчивый
1002	1	1.357	предрекают
1003	1	1.357	предупредили
1004	1	1.357	презентует
1005	1	1.357	преступникам
1006	1	1.357	преступников
1007	1	1.357	префектуре
1008	1	1.357	привезенного
1009	1	1.357	привезли
1010	1	1.357	приемника
1011	1	1.357	признавалась
1012	1	1.357	призналась
1013	1	1.357	приложения
1014	1	1.357	примитивное
1015	1	1.357	принес
1016	1	1.357	принцессы
1017	1	1.357	присаживается
1018	1	1.357	присмотреться
1019	1	1.357	пристроилась
1020	1	1.357	приятные
1021	1	1.357	провозгласила
1022	1	1.357	провозгласили
1023	1	1.357	программах
1024	1	1.357	программке
1025	1	1.357	прогрессивную
1026	1	1.357	продавцом
1027	1	1.357	продлилась
1028	1	1.357	производят
1029	1	1.357	проницательностью
1030	1	1.357	проработавшее
1031	1	1.357	прославился
1032	1	1.357	просмотров
1033	1	1.357	проста
1034	1	1.357	просторном
1035	1	1.357	просуществовала
1036	1	1.357	процедурами
1037	1	1.357	прочнее
1038	1	1.357	проявляется
1039	1	1.357	пряность
1040	1	1.357	психоаналитика
1041	1	1.357	психопатами
1042	1	1.357	публику
1043	1	1.357	пули
1044	1	1.357	пустотами
1045	1	1.357	пустых
1046	1	1.357	пушкина
1047	1	1.357	пьеро
1048	1	1.357	пьесу
1049	1	1.357	работавшей
1050	1	1.357	рабочую
1051	1	1.357	равные
1052	1	1.357	радикальному
1053	1	1.357	радиоволн
1054	1	1.357	разбит
1055	1	1.357	разбойников
1056	1	1.357	разбору
1057	1	1.357	развлекательные
1058	1	1.357	развлечений
1059	1	1.357	разговорной
1060	1	1.357	разгромила
1061	1	1.357	разделены
1062	1	1.357	разлада
1063	1	1.357	разлитая
1064	1	1.357	разнообразия
1065	1	1.357	разоблачения
1066	1	1.357	разобщенность
1067	1	1.357	разросся
1068	1	1.357	райт
1069	1	1.357	ракеткой
1070	1	1.357	рамке
1071	1	1.357	раскинулась
1072	1	1.357	раскраса
1073	1	1.357	расплывчатые
1074	1	1.357	располагалось
1075	1	1.357	расположен
1076	1	1.357	распространению
1077	1	1.357	распространенному
1078	1	1.357	расскажут
1079	1	1.357	рассуждал
1080	1	1.357	растении
1081	1	1.357	растерявшись
1082	1	1.357	расцветает
1083	1	1.357	рафаэль
1084	1	1.357	реалистично
1085	1	1.357	революционная
1086	1	1.357	революция
1087	1	1.357	режиссере
1088	1	1.357	режиссерское
1089	1	1.357	резкую
1090	1	1.357	резонанс
1091	1	1.357	рекламировали
1092	1	1.357	рекламные
1093	1	1.357	рекламный
1094	1	1.357	рекламой
1095	1	1.357	ремо
1096	1	1.357	репликами
1097	1	1.357	репликах
1098	1	1.357	ресницами
1099	1	1.357	ретро
1100	1	1.357	речах
1101	1	1.357	решительное
1102	1	1.357	риском
1103	1	1.357	рисунке
1104	1	1.357	ритма
1105	1	1.357	робин
1106	1	1.357	робот
1107	1	1.357	родителям
1108	1	1.357	рождении
1109	1	1.357	розовой
1110	1	1.357	розовом
1111	1	1.357	розовые
1112	1	1.357	розовым
1113	1	1.357	ролик
1114	1	1.357	роликам
1115	1	1.357	роликов
1116	1	1.357	романтические
1117	1	1.357	ромуло
1118	1	1.357	роняет
1119	1	1.357	росло
1120	1	1.357	ругательству
1121	1	1.357	рудники
1122	1	1.357	рузвельт
1123	1	1.357	руководили
1124	1	1.357	ручку
1125	1	1.357	рыб
1126	1	1.357	рыбой
1127	1	1.357	сада
1128	1	1.357	саду
1129	1	1.357	сайтов
1130	1	1.357	самодостаточный
1131	1	1.357	самоигральный
1132	1	1.357	самоуправлениях
1133	1	1.357	самца
1134	1	1.357	сан
1135	1	1.357	санта
1136	1	1.357	сантана
1137	1	1.357	сарказмом
1138	1	1.357	сатирические
1139	1	1.357	сахара
1140	1	1.357	сахарного
1141	1	1.357	сахарный
1142	1	1.357	сбежать
1143	1	1.357	сбои
1144	1	1.357	сбоями
1145	1	1.357	свергло
1146	1	1.357	светлые
1147	1	1.357	свидетельства
1148	1	1.357	свойственно
1149	1	1.357	сдержанных
1150	1	1.357	северных
1151	1	1.357	секса
1152	1	1.357	секунду
1153	1	1.357	села
1154	1	1.357	селили
1155	1	1.357	символизировали
1156	1	1.357	символику
1157	1	1.357	синем
1158	1	1.357	скамейке
1159	1	1.357	скульптуру
1160	1	1.357	сладости
1161	1	1.357	слове
1162	1	1.357	словесном
1163	1	1.357	слоганом
1164	1	1.357	сломать
1165	1	1.357	случаются
1166	1	1.357	сменяемые
1167	1	1.357	смирившаяся
1168	1	1.357	смущено
1169	1	1.357	смысловой
1170	1	1.357	снегопад
1171	1	1.357	снимался
1172	1	1.357	сниматься
1173	1	1.357	снял
1174	1	1.357	снялась
1175	1	1.357	собакам
1176	1	1.357	собаки
1177	1	1.357	собственная
1178	1	1.357	совмещен
1179	1	1.357	соврал
1180	1	1.357	согласована
1181	1	1.357	сожалеет
1182	1	1.357	созданная
1183	1	1.357	сократившееся
1184	1	1.357	соперница
1185	1	1.357	сопровождается
1186	1	1.357	сородичей
1187	1	1.357	сорокина
1188	1	1.357	соседних
1189	1	1.357	сослужило
1190	1	1.357	сосредотачивался
1191	1	1.357	социальными
1192	1	1.357	соцсетях
1193	1	1.357	сочетания
1194	1	1.357	сочные
1195	1	1.357	сочувственно
1196	1	1.357	спада
1197	1	1.357	спектакли
1198	1	1.357	спектаклю
1199	1	1.357	спектакля
1200	1	1.357	спину
1201	1	1.357	спланировал
1202	1	1.357	спорами
1203	1	1.357	спортивной
1204	1	1.357	спутник
1205	1	1.357	сравнение
1206	1	1.357	сравнений
1207	1	1.357	срывы
1208	1	1.357	ставил
1209	1	1.357	старейшим
1210	1	1.357	стареющих
1211	1	1.357	старым
1212	1	1.357	стерву
1213	1	1.357	стеснялся
1214	1	1.357	стесняются
1215	1	1.357	стильно
1216	1	1.357	столике
1217	1	1.357	столиков
1218	1	1.357	столицей
1219	1	1.357	стояла
1220	1	1.357	странная
1221	1	1.357	страстей
1222	1	1.357	стремясь
1223	1	1.357	стрип
1224	1	1.357	судьбой
1225	1	1.357	сумкой
1226	1	1.357	суп
1227	1	1.357	сушеный
1228	1	1.357	существовал
1229	1	1.357	сходит
1230	1	1.357	сходства
1231	1	1.357	сходству
1232	1	1.357	сцен
1233	1	1.357	сценах
1234	1	1.357	сценических
1235	1	1.357	сценографии
1236	1	1.357	считала
1237	1	1.357	считывает
1238	1	1.357	сшивания
1239	1	1.357	сыгравшим
1240	1	1.357	сырой
1241	1	1.357	сэму
1242	1	1.357	сюжет
1243	1	1.357	сюжетами
1244	1	1.357	табак
1245	1	1.357	танцует
1246	1	1.357	танцуют
1247	1	1.357	танцующих
1248	1	1.357	таро
1249	1	1.357	театр
1250	1	1.357	театральность
1251	1	1.357	театральных
1252	1	1.357	тезиса
1253	1	1.357	текстам
1254	1	1.357	тексту
1255	1	1.357	телевидения
1256	1	1.357	телевизионных
1257	1	1.357	телевыступлений
1258	1	1.357	телезвезда
1259	1	1.357	телепортация
1260	1	1.357	тематикой
1261	1	1.357	теодор
1262	1	1.357	террором
1263	1	1.357	типичная
1264	1	1.357	типичные
1265	1	1.357	ток
1266	1	1.357	торжество
1267	1	1.357	тортуга
1268	1	1.357	тортю
1269	1	1.357	травяные
1270	1	1.357	транстихоокеанскому
1271	1	1.357	треков
1272	1	1.357	трибунами
1273	1	1.357	тропиках
1274	1	1.357	тропики
1275	1	1.357	тропическими
1276	1	1.357	тропических
1277	1	1.357	тростник
1278	1	1.357	тростника
1279	1	1.357	трудящихся
1280	1	1.357	туземцами
1281	1	1.357	турецкие
1282	1	1.357	турина
1283	1	1.357	туристическое
1284	1	1.357	тщательному
1285	1	1.357	тяготы
1286	1	1.357	уайльдом
1287	1	1.357	убедил
1288	1	1.357	убийцами
1289	1	1.357	убывающую
1290	1	1.357	уверяли
1291	1	1.357	увесистую
1292	1	1.357	увидели
1293	1	1.357	угадаешь
1294	1	1.357	угасала
1295	1	1.357	удостаивался
1296	1	1.357	удушливо
1297	1	1.357	ужас
1298	1	1.357	ужасающий
1299	1	1.357	ужасно
1300	1	1.357	узнаваемой
1301	1	1.357	указатели
1302	1	1.357	украшение
1303	1	1.357	улиц
1304	1	1.357	улицам
1305	1	1.357	улицы
1306	1	1.357	унижение
1307	1	1.357	униженной
1308	1	1.357	уникальное
1309	1	1.357	унылую
1310	1	1.357	уотсон
1311	1	1.357	упадка
1312	1	1.357	управляемых
1313	1	1.357	упростить
1314	1	1.357	усилен
1315	1	1.357	успешную
1316	1	1.357	установили
1317	1	1.357	уступают
1318	1	1.357	утешать
1319	1	1.357	уцелел
1320	1	1.357	фальсификации
1321	1	1.357	фамилия
1322	1	1.357	фанаты
1323	1	1.357	феминистскую
1324	1	1.357	фестивали
1325	1	1.357	фестиваля
1326	1	1.357	фильм
1327	1	1.357	фирменных
1328	1	1.357	флаг
1329	1	1.357	флагман
1330	1	1.357	форменную
1331	1	1.357	форта
1332	1	1.357	фотографию
1333	1	1.357	фрагмент
1334	1	1.357	французски
1335	1	1.357	фрукты
1336	1	1.357	фудзихара
1337	1	1.357	фукуока
1338	1	1.357	хищные
1339	1	1.357	хлопая
1340	1	1.357	ховард
1341	1	1.357	христофор
1342	1	1.357	христофора
1343	1	1.357	худшее
1344	1	1.357	царящую
1345	1	1.357	цветение
1346	1	1.357	цветной
1347	1	1.357	чаи
1348	1	1.357	чай
1349	1	1.357	чая
1350	1	1.357	человеке
1351	1	1.357	человеческие
1352	1	1.357	череда
1353	1	1.357	черепахами
1354	1	1.357	черной
1355	1	1.357	чернокожих
1356	1	1.357	чертах
1357	1	1.357	честейн
1358	1	1.357	чипсы
1359	1	1.357	чистками
1360	1	1.357	читателями
1361	1	1.357	чудовищно
1362	1	1.357	шамиров
1363	1	1.357	шапочках
1364	1	1.357	шапочки
1365	1	1.357	шварценеггером
1366	1	1.357	швырнула
1367	1	1.357	шенгенскую
1368	1	1.357	шкалу
1369	1	1.357	школьница
1370	1	1.357	шоколадом
1371	1	1.357	шоу
1372	1	1.357	шубе
1373	1	1.357	эванс
1374	1	1.357	экзотическом
1375	1	1.357	эклектика
1376	1	1.357	эклектике
1377	1	1.357	экологичный
1378	1	1.357	экскурсии
1379	1	1.357	экспедиции
1380	1	1.357	эммы
1381	1	1.357	эмоции
1382	1	1.357	энергию
1383	1	1.357	эпидемии
1384	1	1.357	эпизода
1385	1	1.357	эпизоде
1386	1	1.357	эротических
1387	1	1.357	эспаньольские
1388	1	1.357	эстетический
1389	1	1.357	эффектов
1390	1	1.357	южную
1391	1	1.357	юморист
1392	1	1.357	юмором
1393	1	1.357	юное
1394	1	1.357	юной
1395	1	1.357	юность
1396	1	1.357	юную
1397	1	1.357	ютьюба
1398	1	1.357	ютьюбе
1399	1	1.357	ямайке
1400	1	1.357	яндекс
1401	1	1.357	японцам
1402	1	1.357	яркая
1403	1	1.357	ярлык
1404	1	1.357	ярость
1405	1	1.357	ярым
1406	11	1.347	политиков
1407	11	1.347	тысяч
1408	5	1.240	южной
1409	12	1.186	италии
1410	9	1.042	американский
1411	3	0.987	new
1412	3	0.987	бассейна
1413	3	0.987	волна
1414	3	0.987	въезда
1415	3	0.987	герои
1416	3	0.987	женщины
1417	3	0.987	ину
1418	3	0.987	камней
1419	3	0.987	магазин
1420	3	0.987	обречены
1421	3	0.987	окружающей
1422	3	0.987	пользователи
1423	3	0.987	собственное
1424	3	0.987	современные
1425	3	0.987	страницы
1426	3	0.987	сцена
1427	3	0.987	театре
1428	3	0.987	успела
1429	3	0.987	устройства
1430	3	0.987	чувствует
1431	6	0.932	вещи
1432	6	0.932	видео
1433	6	0.932	властью
1434	6	0.932	вскоре
1435	6	0.932	говорила
1436	6	0.932	европейской
1437	6	0.932	началась
1438	6	0.932	остров
1439	6	0.932	японская
1440	10	0.894	роли
1441	10	0.894	текст
1442	10	0.894	тут
1443	20	0.892	ноября
1444	15	0.863	главным
1445	7	0.741	множество
1446	7	0.741	независимость
1447	7	0.741	страной
1448	12	0.690	движение
1449	4	0.621	автор
1450	4	0.621	аудитории
1451	4	0.621	будто
1452	4	0.621	вторую
1453	4	0.621	главными
1454	4	0.621	закрыли
1455	4	0.621	играет
1456	4	0.621	лучшее
1457	4	0.621	настоящему
1458	4	0.621	определить
1459	4	0.621	оставаться
1460	4	0.621	признался
1461	4	0.621	репутацию
1462	4	0.621	собственно
1463	4	0.621	успели
1464	4	0.621	штаты
1465	4	0.621	японской
1466	8	0.612	город
1467	9	0.518	марина
1468	16	0.460	процентов
1469	5	0.447	economics
1470	5	0.447	влиянием
1471	5	0.447	грозит
1472	5	0.447	интересно
1473	5	0.447	называется
1474	5	0.447	настолько
1475	5	0.447	незадолго
1476	5	0.447	подробностей
1477	5	0.447	потомский
1478	5	0.447	реклама
1479	5	0.447	среды
1480	10	0.446	мировой
1481	10	0.446	победы
1482	17	0.422	пяти
1483	25	0.417	впрочем
1484	11	0.390	гражданских
1485	11	0.390	иногда
1486	27	0.372	вот
1487	128	0.361	сша
1488	19	0.359	александра
1489	38	0.351	здесь
1490	12	0.345	the
1491	12	0.345	американские
1492	6	0.345	вторая
1493	6	0.345	десятилетия
1494	6	0.345	динамики
1495	6	0.345	имени
1496	6	0.345	какое
1497	6	0.345	миллионов
1498	6	0.345	партией
1499	6	0.345	принадлежали
1500	12	0.345	самые
1501	64	0.321	там
1502	30	0.318	ничего
1503	170	0.316	она
1504	2	0.311	as
1505	2	0.311	york
1506	2	0.311	абсурд
1507	2	0.311	азиатской
1508	2	0.311	американскую
1509	2	0.311	аналитическим
1510	2	0.311	ангела
1511	2	0.311	английском
1512	2	0.311	антикоррупционную
1513	2	0.311	артист
1514	2	0.311	базу
1515	2	0.311	бог
1516	2	0.311	богатый
1517	2	0.311	бориса
1518	2	0.311	браун
1519	2	0.311	бывало
1520	2	0.311	быстрый
1521	2	0.311	важности
1522	2	0.311	вводил
1523	2	0.311	веке
1524	2	0.311	версий
1525	2	0.311	взяточничестве
1526	2	0.311	внешнее
1527	2	0.311	возникло
1528	2	0.311	восполнить
1529	2	0.311	всякий
1530	2	0.311	вывезти
1531	2	0.311	высказываниями
1532	2	0.311	выстраивают
1533	2	0.311	газет
1534	2	0.311	глубокой
1535	2	0.311	группировки
1536	2	0.311	давит
1537	2	0.311	дается
1538	2	0.311	деловую
1539	2	0.311	демократической
1540	2	0.311	держатель
1541	2	0.311	деталях
1542	2	0.311	диапазон
1543	2	0.311	добавляют
1544	2	0.311	доставлять
1545	2	0.311	друзей
1546	2	0.311	естественной
1547	2	0.311	жены
1548	2	0.311	заинтересованных
1549	2	0.311	западную
1550	2	0.311	земле
1551	2	0.311	известность
1552	2	0.311	изначальном
1553	2	0.311	имитирует
1554	2	0.311	индию
1555	2	0.311	интеллектуальных
1556	2	0.311	интеллигенции
1557	2	0.311	интернета
1558	2	0.311	использовались
1559	2	0.311	исправлять
1560	2	0.311	историей
1561	2	0.311	италия
1562	2	0.311	итальянского
1563	2	0.311	канцлер
1564	2	0.311	картофеля
1565	2	0.311	классические
1566	2	0.311	классический
1567	2	0.311	коммуникации
1568	2	0.311	кредо
1569	2	0.311	критических
1570	2	0.311	культуры
1571	2	0.311	купил
1572	2	0.311	магазина
1573	2	0.311	массовое
1574	2	0.311	маттео
1575	2	0.311	мгу
1576	2	0.311	медленно
1577	2	0.311	меньшем
1578	2	0.311	местное
1579	2	0.311	миллиона
1580	2	0.311	названии
1581	2	0.311	нападение
1582	2	0.311	напоминают
1583	2	0.311	незначительной
1584	2	0.311	нелестно
1585	2	0.311	нередко
1586	2	0.311	нидерланды
1587	2	0.311	николас
1588	2	0.311	обрабатывать
1589	2	0.311	образовании
1590	2	0.311	окончания
1591	2	0.311	орловской
1592	2	0.311	основал
1593	2	0.311	остальной
1594	2	0.311	островов
1595	2	0.311	отель
1596	2	0.311	откроют
1597	2	0.311	открыли
1598	2	0.311	отметить
1599	2	0.311	отслеживать
1600	2	0.311	отстранение
1601	2	0.311	отторжение
1602	2	0.311	очевидных
1603	2	0.311	пара
1604	2	0.311	первыми
1605	2	0.311	победителем
1606	2	0.311	погибли
1607	2	0.311	покаяния
1608	2	0.311	полагая
1609	2	0.311	полноценную
1610	2	0.311	понравилось
1611	2	0.311	поняла
1612	2	0.311	понятна
1613	2	0.311	популистская
1614	2	0.311	популярный
1615	2	0.311	попытке
1616	2	0.311	предложенной
1617	2	0.311	прекрасно
1618	2	0.311	приветствовал
1619	2	0.311	привозили
1620	2	0.311	приглашать
1621	2	0.311	призывала
1622	2	0.311	примечательно
1623	2	0.311	принимала
1624	2	0.311	природу
1625	2	0.311	пришелся
1626	2	0.311	проведенного
1627	2	0.311	проведены
1628	2	0.311	производителем
1629	2	0.311	процента
1630	2	0.311	прочие
1631	2	0.311	прямом
1632	2	0.311	публикация
1633	2	0.311	радикальный
1634	2	0.311	развлекательных
1635	2	0.311	разделение
1636	2	0.311	разу
1637	2	0.311	ранним
1638	2	0.311	резкие
1639	2	0.311	рекламе
1640	2	0.311	республикой
1641	2	0.311	референдуме
1642	2	0.311	рима
1643	2	0.311	рук
1644	2	0.311	свет
1645	2	0.311	свободные
1646	2	0.311	семейного
1647	2	0.311	сингапур
1648	2	0.311	скандалов
1649	2	0.311	слава
1650	2	0.311	смеется
1651	2	0.311	снята
1652	2	0.311	современная
1653	2	0.311	современного
1654	2	0.311	согласовали
1655	2	0.311	созданное
1656	2	0.311	сосредоточены
1657	2	0.311	сочеталась
1658	2	0.311	сочувствовать
1659	2	0.311	спровоцировала
1660	2	0.311	становились
1661	2	0.311	столетий
1662	2	0.311	столицу
1663	2	0.311	считаются
1664	2	0.311	таковы
1665	2	0.311	тексты
1666	2	0.311	телефона
1667	2	0.311	торговая
1668	2	0.311	транспорт
1669	2	0.311	трибуны
1670	2	0.311	туризма
1671	2	0.311	убить
1672	2	0.311	удобнее
1673	2	0.311	упирается
1674	2	0.311	упоминал
1675	2	0.311	усилением
1676	2	0.311	успехом
1677	2	0.311	устав
1678	2	0.311	устойчивый
1679	2	0.311	феномен
1680	2	0.311	фрг
1681	2	0.311	характеризовать
1682	2	0.311	хозяин
1683	2	0.311	хозяйственная
1684	2	0.311	холодной
1685	2	0.311	хочется
1686	2	0.311	ценят
1687	2	0.311	черт
1688	2	0.311	численности
1689	2	0.311	шанса
1690	2	0.311	широко
1691	2	0.311	энергии
1692	2	0.311	этническими
1693	2	0.311	явление
1694	2	0.311	языках
1695	2	0.311	яндекса
1696	2	0.311	яркими
1697	13	0.308	городе
1698	13	0.308	кажется
1699	13	0.308	мэр
1700	13	0.308	назвать
1701	4357	0.295	и
1702	7	0.278	миллиардера
1703	7	0.278	уходит
1704	7	0.278	франция
1705	7	0.278	французской
1706	14	0.277	оказалось
1707	14	0.277	чаще
1708	24	0.254	последнее
1709	15	0.250	десяти
1710	15	0.250	документы
1711	15	0.250	случай
1712	230	0.243	ее
1713	75	0.243	именно
1714	8	0.230	вроде
1715	8	0.230	класса
1716	8	0.230	которыми
1717	8	0.230	называют
1718	8	0.230	показала
1719	8	0.230	реакции
1720	8	0.230	такими
1721	8	0.230	третьего
1722	27	0.212	константин
1723	17	0.208	история
1724	17	0.208	политическим
1725	9	0.194	декабря
1726	9	0.194	пример
1727	41	0.192	своей
1728	18	0.191	нынешней
1729	121	0.184	несколько
1730	19	0.175	движения
1731	19	0.175	истории
1732	3	0.173	de
1733	3	0.173	k
1734	3	0.173	агент
1735	3	0.173	барака
1736	3	0.173	болезни
1737	3	0.173	большому
1738	3	0.173	вашингтона
1739	3	0.173	вблизи
1740	3	0.173	влиятельных
1741	3	0.173	вмешательство
1742	3	0.173	внуково
1743	3	0.173	временем
1744	3	0.173	входить
1745	3	0.173	выпустил
1746	3	0.173	городу
1747	3	0.173	государственном
1748	3	0.173	делал
1749	3	0.173	делая
1750	3	0.173	держит
1751	3	0.173	десятки
1752	3	0.173	доставке
1753	3	0.173	достоинства
1754	3	0.173	европейскими
1755	3	0.173	единственное
1756	3	0.173	жертвой
1757	3	0.173	завершилась
1758	3	0.173	избавилась
1759	3	0.173	источниками
1760	3	0.173	картины
1761	3	0.173	карьеру
1762	3	0.173	короткий
1763	3	0.173	лояльных
1764	3	0.173	маленький
1765	3	0.173	металлы
1766	3	0.173	миллион
1767	3	0.173	младшим
1768	3	0.173	многочисленных
1769	3	0.173	мужчины
1770	3	0.173	надоедает
1771	3	0.173	назвав
1772	3	0.173	называли
1773	3	0.173	настроены
1774	3	0.173	находились
1775	3	0.173	нынешним
1776	3	0.173	обамы
1777	3	0.173	обладают
1778	3	0.173	обращается
1779	3	0.173	общались
1780	3	0.173	огромной
1781	3	0.173	оставив
1782	3	0.173	острове
1783	3	0.173	осудили
1784	3	0.173	отказывался
1785	3	0.173	отказываясь
1786	3	0.173	открывают
1787	3	0.173	открыл
1788	3	0.173	отметили
1789	3	0.173	очередного
1790	3	0.173	партнерству
1791	3	0.173	перестали
1792	3	0.173	песню
1793	3	0.173	поведения
1794	3	0.173	подводных
1795	3	0.173	подобными
1796	3	0.173	подробнее
1797	3	0.173	поездок
1798	3	0.173	поиском
1799	3	0.173	понятия
1800	3	0.173	последнюю
1801	3	0.173	постоянные
1802	3	0.173	построят
1803	3	0.173	потенциальная
1804	3	0.173	пошел
1805	3	0.173	появляется
1806	3	0.173	правые
1807	3	0.173	превратился
1808	3	0.173	предъявляет
1809	3	0.173	прелюдия
1810	3	0.173	признание
1811	3	0.173	призыв
1812	3	0.173	работало
1813	3	0.173	радикального
1814	3	0.173	разворачивается
1815	3	0.173	разместил
1816	3	0.173	реакцию
1817	3	0.173	рекламы
1818	3	0.173	релизе
1819	3	0.173	риторике
1820	3	0.173	ровно
1821	3	0.173	скандал
1822	3	0.173	служит
1823	3	0.173	смотреть
1824	3	0.173	собирались
1825	3	0.173	событие
1826	3	0.173	стабильные
1827	3	0.173	сталкивался
1828	3	0.173	столкновений
1829	3	0.173	стремительно
1830	3	0.173	судебном
1831	3	0.173	существующую
1832	3	0.173	сыграла
1833	3	0.173	телеканалы
1834	3	0.173	турции
1835	3	0.173	тюрьму
1836	3	0.173	убрать
1837	3	0.173	условие
1838	3	0.173	форма
1839	3	0.173	центром
1840	3	0.173	чистую
1841	3	0.173	читайте
1842	3	0.173	широкий
1843	3	0.173	языке
1844	3	0.173	ярко
1845	10	0.167	выхода
1846	10	0.167	здании
1847	10	0.167	про
1848	10	0.167	резкого
1849	10	0.167	снова
1850	10	0.167	собственной
1851	10	0.167	спустя
1852	32	0.161	первой
1853	33	0.152	ней
1854	11	0.145	оказалась
1855	11	0.145	парламенте
1856	11	0.145	политический
1857	11	0.145	последнего
1858	11	0.145	прошла
1859	11	0.145	токио
1860	22	0.139	города
1861	22	0.139	совсем
1862	36	0.131	котором
1863	23	0.129	ей
1864	23	0.129	тасс
1865	12	0.127	мероприятий
1866	12	0.127	общество
1867	12	0.127	позже
1868	12	0.127	сценарии
1869	745	0.120	а
1870	24	0.120	нескольких
1871	24	0.120	самых
1872	4	0.115	news
1873	4	0.115	world
1874	4	0.115	австралии
1875	4	0.115	администрацию
1876	4	0.115	америка
1877	4	0.115	аэропорты
1878	4	0.115	важный
1879	4	0.115	вел
1880	4	0.115	версия
1881	4	0.115	видел
1882	4	0.115	войну
1883	4	0.115	восточная
1884	4	0.115	вызвали
1885	4	0.115	выполнены
1886	4	0.115	германия
1887	4	0.115	главную
1888	4	0.115	головы
1889	4	0.115	городских
1890	4	0.115	дальнейшая
1891	4	0.115	делают
1892	4	0.115	дискуссию
1893	4	0.115	журнал
1894	4	0.115	занялся
1895	4	0.115	заняться
1896	4	0.115	заявляли
1897	4	0.115	зданием
1898	4	0.115	играют
1899	4	0.115	имела
1900	4	0.115	индия
1901	4	0.115	итальянской
1902	4	0.115	контролируют
1903	4	0.115	кубы
1904	4	0.115	лето
1905	4	0.115	максимальную
1906	4	0.115	массового
1907	4	0.115	мастер
1908	4	0.115	многим
1909	4	0.115	общих
1910	4	0.115	определении
1911	4	0.115	организациях
1912	4	0.115	особое
1913	4	0.115	особых
1914	4	0.115	отдельный
1915	4	0.115	отраслью
1916	4	0.115	ошибки
1917	4	0.115	победа
1918	4	0.115	поддержкой
1919	4	0.115	подобного
1920	4	0.115	помещение
1921	4	0.115	популярными
1922	4	0.115	популярных
1923	4	0.115	посмотреть
1924	4	0.115	предметом
1925	4	0.115	признала
1926	4	0.115	принадлежащий
1927	4	0.115	принимает
1928	4	0.115	причину
1929	4	0.115	работали
1930	4	0.115	рекламных
1931	4	0.115	ренци
1932	4	0.115	референдума
1933	4	0.115	родина
1934	4	0.115	рыбы
1935	4	0.115	северного
1936	4	0.115	следующее
1937	4	0.115	собрал
1938	4	0.115	собранные
1939	4	0.115	соратники
1940	4	0.115	составу
1941	4	0.115	сперва
1942	4	0.115	стимулирования
1943	4	0.115	сто
1944	4	0.115	суть
1945	4	0.115	счету
1946	4	0.115	считал
1947	4	0.115	франции
1948	4	0.115	четверти
1949	4	0.115	шереметьево
1950	25	0.112	одном
1951	13	0.112	опрошенных
1952	25	0.112	правда
1953	13	0.112	программу
1954	13	0.112	протяжении
1955	25	0.112	рассказывает
1956	73	0.109	менее
1957	7367	0.106	в
1958	26	0.105	собой
1959	14	0.100	вызывает
1960	14	0.100	пытается
1961	14	0.100	рассказывали
1962	14	0.100	самым
1963	27	0.098	антон
1964	160	0.093	даже
1965	28	0.092	кремля
1966	44	0.090	всегда
1967	44	0.090	назад
1968	44	0.090	оно
1969	61	0.090	стали
1970	15	0.089	отношение
1971	15	0.089	сути
1972	62	0.087	м
1973	5	0.083	xix
1974	5	0.083	аккуратно
1975	5	0.083	базой
1976	5	0.083	борьбу
1977	5	0.083	ваш
1978	5	0.083	вид
1979	5	0.083	вину
1980	5	0.083	временное
1981	5	0.083	выборе
1982	5	0.083	высокого
1983	5	0.083	выходные
1984	5	0.083	детей
1985	5	0.083	диалога
1986	5	0.083	добыча
1987	5	0.083	другому
1988	5	0.083	ждет
1989	5	0.083	избранный
1990	5	0.083	известных
1991	5	0.083	использоваться
1992	5	0.083	использует
1993	5	0.083	испытывает
1994	5	0.083	критиковал
1995	5	0.083	кстати
1996	5	0.083	массовые
1997	5	0.083	меркель
1998	5	0.083	налогообложения
1999	5	0.083	народов
2000	5	0.083	необходимое
2001	5	0.083	низких
2002	5	0.083	обвинили
2003	5	0.083	оказывается
2004	5	0.083	опасаясь
2005	5	0.083	опроса
2006	5	0.083	открыто
2007	5	0.083	показателю
2008	5	0.083	полученные
2009	5	0.083	поработать
2010	5	0.083	порой
2011	5	0.083	поставщиками
2012	5	0.083	появления
2013	5	0.083	пределы
2014	5	0.083	представить
2015	5	0.083	президентских
2016	5	0.083	преимущественно
2017	5	0.083	принимали
2018	5	0.083	продолжение
2019	5	0.083	работой
2020	5	0.083	расстояние
2021	5	0.083	реальные
2022	5	0.083	респондентов
2023	5	0.083	рядом
2024	5	0.083	свободной
2025	5	0.083	сегодняшней
2026	5	0.083	сельское
2027	5	0.083	сигналы
2028	5	0.083	снятие
2029	5	0.083	собственную
2030	5	0.083	среднего
2031	5	0.083	столице
2032	5	0.083	туда
2033	5	0.083	ударит
2034	5	0.083	улице
2035	5	0.083	эпоху
2036	30	0.081	нельзя
2037	16	0.080	путь
2038	16	0.080	самом
2039	262	0.079	было
2040	31	0.076	впервые
2041	31	0.076	дней
2042	218	0.075	после
2043	17	0.072	помощью
2044	17	0.072	постепенно
2045	17	0.072	появилась
2046	17	0.072	снизить
2047	17	0.072	считается
2048	49	0.072	ходе
2049	33	0.067	деле
2050	33	0.067	крайне
2051	33	0.067	себе
2052	33	0.067	стала
2053	33	0.067	х
2054	18	0.065	губернатор
2055	18	0.065	значительно
2056	18	0.065	происходит
2057	18	0.065	районе
2058	6	0.064	альтернативных
2059	6	0.064	американского
2060	6	0.064	быстрее
2061	6	0.064	видят
2062	6	0.064	внешней
2063	6	0.064	воду
2064	6	0.064	действующего
2065	6	0.064	едва
2066	6	0.064	золота
2067	6	0.064	имена
2068	6	0.064	крупнейшей
2069	6	0.064	любая
2070	6	0.064	меньшей
2071	6	0.064	мировым
2072	6	0.064	новость
2073	6	0.064	обращался
2074	6	0.064	одежды
2075	6	0.064	остаться
2076	6	0.064	отказываться
2077	6	0.064	отставке
2078	6	0.064	отставку
2079	6	0.064	положении
2080	6	0.064	понимает
2081	6	0.064	попасть
2082	6	0.064	посетить
2083	6	0.064	последнем
2084	6	0.064	потерял
2085	6	0.064	потребления
2086	6	0.064	приобрела
2087	6	0.064	прихода
2088	6	0.064	различных
2089	6	0.064	реагирует
2090	6	0.064	связывают
2091	6	0.064	сеть
2092	6	0.064	случилось
2093	6	0.064	создают
2094	6	0.064	теме
2095	6	0.064	требуется
2096	6	0.064	тысячи
2097	6	0.064	уйдет
2098	6	0.064	упоминается
2099	6	0.064	уступки
2100	6	0.064	флот
2101	6	0.064	формулировки
2102	6	0.064	хозяйство
2103	6	0.064	японских
2104	113	0.063	очень
2105	35	0.060	нового
2106	19	0.059	выглядит
2107	19	0.059	добиться
2108	19	0.059	реформы
2109	73	0.059	стал
2110	36	0.056	операции
2111	20	0.054	евгений
2112	76	0.053	которой
2113	37	0.053	много
2114	7	0.050	автоматически
2115	7	0.050	американская
2116	7	0.050	ввел
2117	7	0.050	вмешательства
2118	7	0.050	возвращать
2119	7	0.050	возможностью
2120	7	0.050	вперед
2121	7	0.050	григорий
2122	7	0.050	давности
2123	7	0.050	добычу
2124	7	0.050	жалоб
2125	7	0.050	заранее
2126	7	0.050	знаком
2127	7	0.050	известен
2128	7	0.050	имя
2129	38	0.050	интервью
2130	7	0.050	используются
2131	650	0.050	как
2132	7	0.050	коллег
2133	7	0.050	коммунистов
2134	7	0.050	коррупцией
2135	7	0.050	лета
2136	7	0.050	любого
2137	7	0.050	международная
2138	7	0.050	население
2139	7	0.050	настоящий
2140	7	0.050	никакой
2141	7	0.050	оппоненты
2142	7	0.050	основу
2143	7	0.050	отправить
2144	7	0.050	отчасти
2145	7	0.050	парке
2146	7	0.050	писал
2147	7	0.050	позитивно
2148	7	0.050	полной
2149	7	0.050	получали
2150	7	0.050	популярность
2151	7	0.050	предвыборной
2152	7	0.050	предлагал
2153	7	0.050	представляет
2154	7	0.050	президентства
2155	7	0.050	проводил
2156	7	0.050	продажу
2157	7	0.050	рабочих
2158	7	0.050	руку
2159	7	0.050	службу
2160	7	0.050	специальные
2161	21	0.049	да
2162	21	0.049	назвал
2163	21	0.049	нашей
2164	21	0.049	смогли
2165	461	0.047	году
2166	39	0.047	нее
2167	22	0.045	видимо
2168	22	0.045	кризис
2169	22	0.045	сложно
2170	40	0.044	которую
2171	41	0.042	которым
2172	23	0.041	невозможно
2173	23	0.041	первые
2174	23	0.041	потом
2175	8	0.040	абсолютно
2176	8	0.040	ведут
2177	8	0.040	военный
2178	8	0.040	газете
2179	8	0.040	городах
2180	8	0.040	граждане
2181	8	0.040	движением
2182	8	0.040	действуют
2183	8	0.040	европейским
2184	8	0.040	жители
2185	8	0.040	зато
2186	8	0.040	зону
2187	8	0.040	интернет
2188	8	0.040	местные
2189	8	0.040	мирового
2190	8	0.040	называет
2191	8	0.040	наличие
2192	8	0.040	обратно
2193	8	0.040	песков
2194	8	0.040	пишут
2195	8	0.040	планировала
2196	8	0.040	позднее
2197	8	0.040	половину
2198	8	0.040	предлагали
2199	8	0.040	пришел
2200	8	0.040	роман
2201	8	0.040	следить
2202	8	0.040	уж
2203	8	0.040	яблоко
2204	108	0.039	была
2205	42	0.039	многие
2206	63	0.039	течение
2207	42	0.039	тот
2208	24	0.037	две
2209	24	0.037	настоящее
2210	24	0.037	организация
2211	43	0.037	себя
2212	24	0.037	человека
2213	65	0.035	над
2214	240	0.034	во
2215	601	0.034	его
2216	25	0.034	экономике
2217	9	0.033	больших
2218	9	0.033	восточном
2219	9	0.033	всеми
2220	9	0.033	всему
2221	9	0.033	главной
2222	9	0.033	границ
2223	9	0.033	дал
2224	9	0.033	допустить
2225	9	0.033	друг
2226	9	0.033	заметил
2227	9	0.033	заметно
2228	9	0.033	игры
2229	9	0.033	какая
2230	9	0.033	комплексов
2231	9	0.033	легко
2232	9	0.033	массовых
2233	9	0.033	морских
2234	9	0.033	название
2235	9	0.033	наконец
2236	9	0.033	началом
2237	9	0.033	оставить
2238	9	0.033	открыть
2239	9	0.033	отношению
2240	9	0.033	погашения
2241	9	0.033	появление
2242	9	0.033	предположил
2243	9	0.033	примет
2244	9	0.033	приняли
2245	9	0.033	причинам
2246	9	0.033	проходят
2247	9	0.033	пусть
2248	9	0.033	реального
2249	9	0.033	рублей
2250	9	0.033	самая
2251	9	0.033	соответствующие
2252	9	0.033	та
2253	9	0.033	уверены
2254	9	0.033	участок
2255	190	0.032	со
2256	26	0.031	одним
2257	26	0.031	своим
2258	168	0.029	лет
2259	93	0.029	почти
2260	1955	0.029	с
2261	117	0.029	тем
2262	93	0.029	экономики
2263	10	0.027	вас
2264	10	0.027	возникнуть
2265	10	0.027	война
2266	10	0.027	выход
2267	10	0.027	деятельностью
2268	10	0.027	досрочных
2269	10	0.027	другое
2270	10	0.027	естественно
2271	224	0.027	же
2272	10	0.027	западе
2273	10	0.027	западной
2274	10	0.027	какую
2275	10	0.027	китайской
2276	10	0.027	материалы
2277	10	0.027	метро
2278	10	0.027	отечественных
2279	10	0.027	отказалась
2280	10	0.027	перевести
2281	10	0.027	политическое
2282	10	0.027	пошли
2283	10	0.027	работ
2284	10	0.027	разве
2285	10	0.027	решением
2286	10	0.027	точку
2287	10	0.027	форме
2288	96	0.026	кроме
2289	49	0.026	стран
2290	202	0.024	время
2291	29	0.024	четыре
2292	11	0.022	facebook
2293	11	0.022	банкротства
2294	11	0.022	большей
2295	30	0.022	вообще
2296	11	0.022	выступал
2297	11	0.022	государственные
2298	11	0.022	делает
2299	11	0.022	заявления
2300	11	0.022	кампанию
2301	11	0.022	мая
2302	11	0.022	мест
2303	11	0.022	небольшие
2304	30	0.022	нем
2305	11	0.022	орлов
2306	11	0.022	очередной
2307	11	0.022	политическую
2308	11	0.022	пообещал
2309	11	0.022	правил
2310	11	0.022	реакция
2311	11	0.022	совершенно
2312	11	0.022	сообщает
2313	11	0.022	сославшись
2314	11	0.022	сотни
2315	206	0.022	того
2316	11	0.022	треть
2317	11	0.022	хватает
2318	11	0.022	хотел
2319	153	0.021	можно
2320	53	0.021	последние
2321	31	0.020	войны
2322	31	0.020	всей
2323	103	0.020	которых
2324	32	0.019	of
2325	12	0.019	администрация
2326	12	0.019	адрес
2327	12	0.019	азии
2328	12	0.019	бюджетного
2329	12	0.019	встреча
2330	12	0.019	де
2331	12	0.019	дни
2332	12	0.019	мероприятие
2333	12	0.019	местного
2334	12	0.019	миру
2335	32	0.019	одна
2336	12	0.019	пришли
2337	12	0.019	проголосовали
2338	32	0.019	пять
2339	32	0.019	роль
2340	54	0.019	сам
2341	12	0.019	само
2342	12	0.019	своими
2343	12	0.019	столь
2344	12	0.019	существует
2345	81	0.017	своих
2346	33	0.017	слишком
2347	13	0.016	выступает
2348	13	0.016	государственных
2349	13	0.016	долларов
2350	13	0.016	защиту
2351	13	0.016	идеи
2352	13	0.016	изначально
2353	13	0.016	иначе
2354	13	0.016	местных
2355	13	0.016	начал
2356	13	0.016	непонятно
2357	13	0.016	ныне
2358	13	0.016	передачи
2359	13	0.016	победу
2360	13	0.016	пункт
2361	13	0.016	разных
2362	13	0.016	связаны
2363	13	0.016	следующий
2364	13	0.016	смысле
2365	13	0.016	сначала
2366	13	0.016	страну
2367	245	0.016	так
2368	13	0.016	угрозу
2369	13	0.016	управление
2370	13	0.016	условии
2371	13	0.016	установить
2372	84	0.015	три
2373	35	0.014	республики
2374	14	0.013	восточной
2375	14	0.013	государственного
2376	14	0.013	идут
2377	36	0.013	налогов
2378	14	0.013	наоборот
2379	14	0.013	ольга
2380	14	0.013	последних
2381	14	0.013	предусматривает
2382	14	0.013	рассказывал
2383	14	0.013	состояние
2384	36	0.013	стране
2385	36	0.013	тоже
2386	14	0.013	хотели
2387	14	0.013	экономический
2388	37	0.012	момент
2389	87	0.012	раз
2390	15	0.011	вероятность
2391	15	0.011	выбор
2392	15	0.011	дальнейшем
2393	15	0.011	дороги
2394	15	0.011	заявили
2395	15	0.011	качество
2396	15	0.011	лица
2397	15	0.011	поддерживают
2398	15	0.011	середины
2399	15	0.011	смог
2400	15	0.011	ход
2401	15	0.011	центре
2402	15	0.011	цену
2403	63	0.011	эту
2404	64	0.010	одной
2405	65	0.010	территории
2406	412	0.010	то
2407	16	0.009	виктор
2408	16	0.009	жизни
2409	16	0.009	каких
2410	16	0.009	кремле
2411	16	0.009	мероприятия
2412	16	0.009	направления
2413	16	0.009	напротив
2414	16	0.009	никак
2415	16	0.009	одновременно
2416	40	0.009	пор
2417	40	0.009	ставку
2418	16	0.009	становится
2419	16	0.009	услуги
2420	16	0.009	часто
2421	41	0.008	s
2422	17	0.008	ближайшие
2423	17	0.008	большим
2424	17	0.008	борьбе
2425	17	0.008	вадим
2426	17	0.008	вопросов
2427	41	0.008	второй
2428	41	0.008	говорить
2429	17	0.008	давно
2430	68	0.008	двух
2431	17	0.008	довольно
2432	17	0.008	коррупции
2433	41	0.008	которое
2434	17	0.008	которому
2435	41	0.008	министра
2436	17	0.008	никакого
2437	41	0.008	основной
2438	17	0.008	предполагается
2439	41	0.008	просто
2440	17	0.008	работают
2441	17	0.008	собеседников
2442	42	0.007	известно
2443	43	0.007	этому
2444	18	0.006	адвокат
2445	18	0.006	американских
2446	218	0.006	были
2447	18	0.006	вернуть
2448	44	0.006	вместе
2449	18	0.006	внимание
2450	18	0.006	выросла
2451	18	0.006	европы
2452	18	0.006	ждать
2453	18	0.006	могла
2454	18	0.006	находятся
2455	776	0.006	но
2456	18	0.006	одно
2457	18	0.006	партий
2458	18	0.006	понять
2459	18	0.006	слова
2460	18	0.006	уточняет
2461	18	0.006	целью
2462	19	0.005	благодаря
2463	19	0.005	евросоюза
2464	19	0.005	заявила
2465	951	0.005	из
2466	2315	0.005	не
2467	19	0.005	новую
2468	45	0.005	полностью
2469	19	0.005	расследования
2470	19	0.005	собирается
2471	102	0.005	страны
2472	227	0.004	бы
2473	20	0.004	власть
2474	21	0.004	долгов
2475	48	0.004	клиентов
2476	76	0.004	лишь
2477	21	0.004	нему
2478	21	0.004	никогда
2479	47	0.004	новый
2480	21	0.004	нынешних
2481	20	0.004	ограничений
2482	21	0.004	официальный
2483	20	0.004	первым
2484	20	0.004	права
2485	20	0.004	произошло
2486	21	0.004	работа
2487	21	0.004	середине
2488	20	0.004	сих
2489	20	0.004	странах
2490	21	0.004	чиновников
2491	20	0.004	юго
2492	22	0.003	большая
2493	141	0.003	два
2494	51	0.003	день
2495	22	0.003	защиты
2496	108	0.003	например
2497	22	0.003	обеспечить
2498	50	0.003	первого
2499	49	0.003	перед
2500	22	0.003	половины
2501	22	0.003	почему
2502	51	0.003	практически
2503	22	0.003	программы
2504	22	0.003	сама
2505	22	0.003	соглашения
2506	22	0.003	среднем
2507	22	0.003	фоне
2508	24	0.002	всем
2509	24	0.002	делать
2510	24	0.002	концу
2511	24	0.002	летом
2512	24	0.002	меня
2513	24	0.002	никто
2514	24	0.002	новой
2515	23	0.002	оказался
2516	23	0.002	отказаться
2517	24	0.002	поставку
2518	23	0.002	причем
2519	23	0.002	пришлось
2520	52	0.002	результате
2521	24	0.002	самого
2522	23	0.002	степени
2523	24	0.002	факт
2524	23	0.002	чего
2525	24	0.002	шесть
2526	90	0.001	андрей
2527	25	0.001	весь
2528	26	0.001	вместо
2529	28	0.001	вокруг
2530	152	0.001	всего
2531	55	0.001	годы
2532	27	0.001	действий
2533	25	0.001	доступ
2534	28	0.001	затем
2535	57	0.001	игорь
2536	25	0.001	линии
2537	27	0.001	место
2538	26	0.001	месяца
2539	25	0.001	мире
2540	27	0.001	нагрузки
2541	28	0.001	национального
2542	26	0.001	недели
2543	25	0.001	никаких
2544	28	0.001	объяснил
2545	26	0.001	политической
2546	28	0.001	раньше
2547	26	0.001	резко
2548	25	0.001	торговли
2549	26	0.001	характер
2550	26	0.001	членов
2551	29	0.000	агентство
2552	29	0.000	активно
2553	31	0.000	бывший
2554	33	0.000	виде
2555	31	0.000	властей
2556	32	0.000	востоке
2557	299	0.000	все
2558	92	0.000	выборах
2559	31	0.000	голосов
2560	32	0.000	данные
2561	62	0.000	должна
2562	29	0.000	европе
2563	30	0.000	имеют
2564	33	0.000	июне
2565	132	0.000	когда
2566	32	0.000	конечно
2567	196	0.000	который
2568	33	0.000	людей
2569	30	0.000	московского
2570	225	0.000	об
2571	33	0.000	остается
2572	30	0.000	первое
2573	31	0.000	первых
2574	29	0.000	получили
2575	31	0.000	пользу
2576	30	0.000	привести
2577	132	0.000	против
2578	33	0.000	прошлого
2579	31	0.000	рассказали
2580	33	0.000	росту
2581	29	0.000	секретарь
2582	62	0.000	скорее
2583	60	0.000	сми
2584	30	0.000	смогут
2585	33	0.000	создание
2586	92	0.000	тогда
2587	33	0.000	услуг
2588	31	0.000	участия
2589	31	0.000	участники
2590	32	0.000	фактически
2591	1846	0.000	что
2592	65	0.000	эта
